NumeroParticulas 2
0 0 1 1 0.5
0 0.010008 1.02 1.04996 0.52002
0.01 0.0200238 1.03999 1.09988 0.540059
0.02 0.0300472 1.05998 1.14976 0.560115
0.03 0.0400781 1.07996 1.19961 0.580188
0.04 0.0501163 1.09994 1.24942 0.600277
0.05 0.0601615 1.11992 1.29919 0.62038
0.06 0.0702137 1.1399 1.34893 0.640498
0.07 0.0802727 1.15987 1.39864 0.660629
0.08 0.0903384 1.17985 1.44831 0.680772
0.09 0.10041 1.19981 1.49795 0.700927
0.1 0.110489 1.21978 1.54756 0.721094
0.11 0.120574 1.23975 1.59713 0.741271
0.12 0.130664 1.25971 1.64668 0.761459
0.13 0.140761 1.27967 1.69619 0.781656
0.14 0.150864 1.29963 1.74568 0.801863
0.15 0.160972 1.31958 1.79514 0.822079
0.16 0.171086 1.33954 1.84457 0.842303
0.17 0.181205 1.35949 1.89397 0.862535
0.18 0.19133 1.37944 1.94335 0.882775
0.19 0.20146 1.3994 1.9927 0.903023
0.2 0.211595 1.41934 2.04203 0.923278
0.21 0.221735 1.43929 2.09132 0.94354
0.22 0.23188 1.45924 2.1406 0.963808
0.23 0.242031 1.47918 2.18985 0.984083
0.24 0.252186 1.49913 2.23907 1.00436
0.25 0.262345 1.51907 2.28827 1.02465
0.26 0.27251 1.53901 2.33745 1.04494
0.27 0.282679 1.55895 2.38661 1.06524
0.28 0.292852 1.57889 2.43574 1.08554
0.29 0.30303 1.59883 2.48485 1.10585
0.3 0.313212 1.61877 2.53394 1.12617
0.31 0.323399 1.6387 2.583 1.14648
0.32 0.33359 1.65864 2.63205 1.16681
0.33 0.343785 1.67857 2.68108 1.18713
0.34 0.353984 1.69851 2.73008 1.20746
0.35 0.364187 1.71844 2.77907 1.2278
0.36 0.374394 1.73837 2.82803 1.24814
0.37 0.384605 1.7583 2.87697 1.26848
0.38 0.39482 1.77823 2.9259 1.28883
0.39 0.405039 1.79816 2.97481 1.30918
0.4 0.415261 1.81809 3.0237 1.32954
0.41 0.425487 1.83802 3.07256 1.34989
0.42 0.435717 1.85795 3.12142 1.37025
0.43 0.44595 1.87788 3.17025 1.39062
0.44 0.456187 1.8978 3.21906 1.41099
0.45 0.466428 1.91773 3.26786 1.43136
0.46 0.476672 1.93765 3.31664 1.45173
0.47 0.486919 1.95758 3.36541 1.47211
0.48 0.49717 1.9775 3.41415 1.49249
0.49 0.507424 1.99743 3.46288 1.51287
0.5 0.517681 2.01735 3.5116 1.53326
0.51 0.527942 2.03727 3.56029 1.55364
0.52 0.538205 2.05719 3.60897 1.57403
0.53 0.548472 2.07711 3.65764 1.59443
0.54 0.558742 2.09704 3.70629 1.61482
0.55 0.569016 2.11696 3.75492 1.63522
0.56 0.579292 2.13688 3.80354 1.65562
0.57 0.589571 2.1568 3.85214 1.67602
0.58 0.599854 2.17671 3.90073 1.69643
0.59 0.610139 2.19663 3.9493 1.71683
0.6 0.620427 2.21655 3.99786 1.73724
0.61 0.630718 2.23647 4.04641 1.75765
0.62 0.641012 2.25639 4.09494 1.77807
0.63 0.651309 2.2763 4.14345 1.79848
0.64 0.661609 2.29622 4.19196 1.8189
0.65 0.671911 2.31614 4.24044 1.83932
0.66 0.682217 2.33605 4.28892 1.85974
0.67 0.692524 2.35597 4.33738 1.88016
0.68 0.702835 2.37588 4.38582 1.90058
0.69 0.713148 2.3958 4.43426 1.92101
0.7 0.723464 2.41571 4.48268 1.94144
0.71 0.733783 2.43563 4.53109 1.96186
0.72 0.744104 2.45554 4.57948 1.9823
0.73 0.754428 2.47545 4.62786 2.00273
0.74 0.764754 2.49537 4.67623 2.02316
0.75 0.775083 2.51528 4.72459 2.0436
0.76 0.785414 2.53519 4.77293 2.06403
0.77 0.795748 2.55511 4.82126 2.08447
0.78 0.806084 2.57502 4.86958 2.10491
0.79 0.816423 2.59493 4.91789 2.12535
0.8 0.826764 2.61484 4.96618 2.14579
0.81 0.837107 2.63475 5.01446 2.16624
0.82 0.847453 2.65466 5.06274 2.18668
0.83 0.857801 2.67457 5.11099 2.20713
0.839999 0.868151 2.69448 5.15924 2.22758
0.849999 0.878504 2.71439 5.20748 2.24803
0.859999 0.888859 2.7343 5.2557 2.26848
0.869999 0.899217 2.75421 5.30392 2.28893
0.879999 0.909576 2.77412 5.35212 2.30938
0.889999 0.919938 2.79403 5.40031 2.32983
0.899999 0.930302 2.81394 5.44849 2.35029
0.909999 0.940668 2.83385 5.49666 2.37075
0.919999 0.951036 2.85376 5.54482 2.3912
0.929999 0.961407 2.87367 5.59297 2.41166
0.939999 0.971779 2.89358 5.6411 2.43212
0.949999 0.982154 2.91348 5.68923 2.45258
0.959999 0.992531 2.93339 5.73734 2.47304
0.969999 1.00291 2.9533 5.78545 2.4935
0.979999 1.01329 2.97321 5.83354 2.51397
0.989999 1.02367 2.99311 5.88163 2.53443
0.999999 1.03406 3.01302 5.9297 2.5549
